{
  "instance_id": "po_a010_t10_s01",
  "description": "Portfolio optimization: 10 assets, 10 periods, scenario 01",
  "n_assets": 10,
  "n_periods": 10,
  "asset_names": ["AAPL", "MSFT", "GOOGL", "AMZN", "META", "TSLA", "NVDA", "JPM", "JNJ", "V"],
  "expected_returns": [0.12, 0.11, 0.10, 0.13, 0.09, 0.15, 0.18, 0.08, 0.06, 0.09],
  "covariance_matrix": [
    [0.0400, 0.0180, 0.0150, 0.0200, 0.0170, 0.0250, 0.0300, 0.0080, 0.0040, 0.0090],
    [0.0180, 0.0361, 0.0160, 0.0190, 0.0165, 0.0220, 0.0270, 0.0075, 0.0038, 0.0085],
    [0.0150, 0.0160, 0.0324, 0.0170, 0.0145, 0.0200, 0.0240, 0.0065, 0.0033, 0.0075],
    [0.0200, 0.0190, 0.0170, 0.0441, 0.0180, 0.0240, 0.0290, 0.0085, 0.0043, 0.0095],
    [0.0170, 0.0165, 0.0145, 0.0180, 0.0289, 0.0210, 0.0260, 0.0070, 0.0035, 0.0080],
    [0.0250, 0.0220, 0.0200, 0.0240, 0.0210, 0.0625, 0.0380, 0.0100, 0.0050, 0.0110],
    [0.0300, 0.0270, 0.0240, 0.0290, 0.0260, 0.0380, 0.0900, 0.0120, 0.0060, 0.0130],
    [0.0080, 0.0075, 0.0065, 0.0085, 0.0070, 0.0100, 0.0120, 0.0196, 0.0030, 0.0060],
    [0.0040, 0.0038, 0.0033, 0.0043, 0.0035, 0.0050, 0.0060, 0.0030, 0.0144, 0.0025],
    [0.0090, 0.0085, 0.0075, 0.0095, 0.0080, 0.0110, 0.0130, 0.0060, 0.0025, 0.0169]
  ],
  "constraints": {
    "weight_min": 0.0,
    "weight_max": 0.40,
    "cardinality": null,
    "long_only": true,
    "sum_to_one": true
  },
  "sectors": ["Technology", "Technology", "Technology", "Technology", "Technology", "Technology", "Technology", "Financials", "Healthcare", "Financials"],
  "benchmark_optimal": {
    "weights": [0.10, 0.12, 0.11, 0.13, 0.09, 0.08, 0.10, 0.10, 0.09, 0.08],
    "objective_value": 0.0842,
    "feasible": true,
    "solver": "classical_cvxpy"
  }
}
